00100413
01f41413
f1402573
00000597
01458593
00040067
00000000
00000000
edfe0dd0
64060000
38000000
10050000
28000000
11000000
10000000
00000000
54010000
d8040000
00000000
00000000
00000000
00000000
01000000
00000000
03000000
04000000
00000000
01000000
03000000
04000000
0f000000
01000000
03000000
0f000000
1b000000
72746575
63705f76
2c65726f
00003076
03000000
0f000000
21000000
72746575
63705f76
2c65726f
00003076
01000000
73757063
00000000
03000000
04000000
00000000
01000000
03000000
04000000
0f000000
00000000
03000000
04000000
2c000000
404b4c00
01000000
40757063
00000030
03000000
04000000
3f000000
40787d01
03000000
04000000
4f000000
00757063
03000000
04000000
5b000000
00000000
03000000
05000000
5f000000
79616b6f
00000000
03000000
06000000
21000000
63736972
00000076
03000000
08000000
66000000
32337672
00616d69
03000000
0b000000
70000000
63736972
76732c76
00003233
03000000
00000000
79000000
01000000
65746e69
70757272
6f632d74
6f72746e
72656c6c
00000000
03000000
04000000
83000000
01000000
03000000
00000000
94000000
03000000
0f000000
21000000
63736972
70632c76
6e692d75
00006374
03000000
04000000
a9000000
01000000
02000000
02000000
02000000
01000000
6f6d656d
38407972
30303030
00303030
03000000
07000000
4f000000
6f6d656d
00007972
03000000
08000000
5b000000
00000080
00000008
02000000
01000000
00636f73
03000000
04000000
00000000
01000000
03000000
04000000
0f000000
01000000
03000000
0b000000
21000000
706d6973
622d656c
00007375
03000000
00000000
b1000000
01000000
63666572
00006b6c
03000000
04000000
b8000000
00000000
03000000
0c000000
21000000
65786966
6c632d64
006b636f
03000000
04000000
3f000000
40787d01
03000000
05000000
c5000000
6c617478
00000000
03000000
04000000
a9000000
03000000
02000000
01000000
6e696c63
30324074
30303030
00000030
03000000
0d000000
21000000
63736972
6c632c76
30746e69
00000000
03000000
10000000
d8000000
01000000
03000000
01000000
07000000
03000000
08000000
5b000000
00000002
00000c00
02000000
01000000
63696c70
30343940
30303030
00000030
03000000
04000000
83000000
01000000
03000000
00000000
94000000
03000000
1e000000
21000000
69666973
702c6576
2d63696c
2e302e31
69720030
2c766373
63696c70
00000030
03000000
08000000
5b000000
00000094
00000001
03000000
10000000
d8000000
01000000
0b000000
01000000
09000000
03000000
04000000
ec000000
02000000
03000000
04000000
a9000000
02000000
02000000
01000000
69726573
39406c61
30303030
00303030
03000000
0d000000
21000000
69666973
752c6576
30747261
00000000
03000000
04000000
3f000000
40787d01
03000000
04000000
f7000000
00c20100
03000000
04000000
05010000
02000000
03000000
04000000
16010000
01000000
03000000
08000000
5b000000
00000090
00100000
03000000
04000000
21010000
02000000
03000000
04000000
2b010000
04000000
03000000
04000000
38010000
03000000
02000000
02000000
01000000
736f6863
00006e65
03000000
1a000000
3f010000
736e6f63
3d656c6f
30637668
72616520
6f63796c
62733d6e
00000069
03000000
1c000000
48010000
636f732f
7265732f
406c6169
30303039
30303030
3531313a
00303032
02000000
02000000
09000000
64646123
73736572
6c65632d
2300736c
657a6973
6c65632d
6d00736c
6c65646f
6d6f6300
69746170
00656c62
656d6974
65736162
6572662d
6e657571
63007963
6b636f6c
6572662d
6e657571
64007963
63697665
79745f65
72006570
73006765
75746174
69720073
2c766373
00617369
2d756d6d
65707974
626c7400
6c70732d
23007469
65746e69
70757272
65632d74
00736c6c
65746e69
70757272
6f632d74
6f72746e
72656c6c
61687000
656c646e
6e617200
00736567
6f6c6323
632d6b63
736c6c65
6f6c6300
6f2d6b63
75707475
616e2d74
0073656d
65746e69
70757272
652d7374
6e657478
00646564
63736972
646e2c76
63007665
65727275
732d746e
64656570
746e6900
75727265
702d7470
6e657261
6e690074
72726574
73747075
67657200
6968732d
72007466
692d6765
69772d6f
00687464
636f6c63
6200736b
61746f6f
00736772
6f647473
702d7475
00687461
00000000
00100413
01f41413
f1402573
00000597
01458593
00040067
00000000
00000000
edfe0dd0
e3060000
38000000
88050000
28000000
11000000
10000000
00000000
5b010000
50050000
00000000
00000000
00000000
00000000
01000000
00000000
03000000
04000000
00000000
01000000
03000000
04000000
0f000000
01000000
03000000
0f000000
1b000000
72746575
63705f76
2c65726f
00003076
01000000
73757063
00000000
03000000
04000000
00000000
01000000
03000000
04000000
0f000000
00000000
03000000
04000000
21000000
005a6202
01000000
40757063
00000030
03000000
04000000
34000000
005a6202
03000000
04000000
44000000
00757063
03000000
04000000
50000000
00000000
03000000
06000000
54000000
63736972
00000076
03000000
08000000
5f000000
32337672
00616d69
03000000
0b000000
69000000
63736972
76732c76
00003233
01000000
65746e69
70757272
6f632d74
6f72746e
72656c6c
00000000
03000000
04000000
72000000
01000000
03000000
04000000
00000000
00000000
03000000
00000000
83000000
03000000
0f000000
54000000
63736972
70632c76
6e692d75
00006374
03000000
04000000
98000000
01000000
02000000
02000000
02000000
01000000
6f6d656d
38407972
30303030
00303030
03000000
07000000
44000000
6f6d656d
00007972
03000000
08000000
50000000
00000080
00000008
02000000
01000000
00636f73
03000000
04000000
00000000
01000000
03000000
04000000
0f000000
01000000
03000000
0b000000
54000000
706d6973
622d656c
00007375
03000000
00000000
a0000000
01000000
63666572
00006b6c
03000000
04000000
a7000000
00000000
03000000
0c000000
54000000
65786966
6c632d64
006b636f
03000000
04000000
34000000
005a6202
03000000
04000000
98000000
03000000
02000000
01000000
6e696c63
30324074
30303030
00000030
03000000
0d000000
54000000
63736972
6c632c76
30746e69
00000000
03000000
10000000
b4000000
01000000
03000000
01000000
07000000
03000000
08000000
50000000
00000002
00000c00
02000000
01000000
63696c70
30343940
30303030
00000030
03000000
04000000
72000000
01000000
03000000
00000000
83000000
03000000
12000000
54000000
69666973
702c6576
2d63696c
2e302e31
00000030
03000000
08000000
50000000
00000094
00000001
03000000
10000000
b4000000
01000000
0b000000
01000000
09000000
03000000
04000000
00000000
00000000
03000000
04000000
c8000000
02000000
03000000
04000000
98000000
02000000
02000000
01000000
69726573
39406c61
30303030
00303030
03000000
0d000000
54000000
69666973
752c6576
30747261
00000000
03000000
04000000
34000000
005a6202
03000000
04000000
d3000000
00c20100
03000000
04000000
e1000000
02000000
03000000
04000000
f2000000
01000000
03000000
08000000
50000000
00000090
00100000
03000000
04000000
fd000000
02000000
03000000
04000000
07010000
04000000
03000000
04000000
14010000
03000000
02000000
01000000
40697073
30306339
30303030
00000000
03000000
0c000000
54000000
69666973
732c6576
00306970
03000000
08000000
50000000
0000009c
00100000
03000000
04000000
e1000000
02000000
03000000
04000000
f2000000
33000000
03000000
04000000
14010000
03000000
03000000
04000000
00000000
01000000
03000000
04000000
0f000000
00000000
03000000
04000000
1b010000
08000000
03000000
04000000
2d010000
08000000
02000000
02000000
01000000
736f6863
00006e65
03000000
1a000000
46010000
736e6f63
3d656c6f
30637668
72616520
6f63796c
62733d6e
00000069
03000000
1c000000
4f010000
636f732f
7265732f
406c6169
30303039
30303030
3531313a
00303032
02000000
02000000
09000000
64646123
73736572
6c65632d
2300736c
657a6973
6c65632d
6d00736c
6c65646f
6d697400
73616265
72662d65
65757165
0079636e
636f6c63
72662d6b
65757165
0079636e
69766564
745f6563
00657079
00676572
706d6f63
62697461
7200656c
76637369
6173692c
756d6d00
7079742d
69230065
7265746e
74707572
6c65632d
6900736c
7265746e
74707572
6e6f632d
6c6f7274
0072656c
6e616870
00656c64
676e6172
23007365
636f6c63
65632d6b
00736c6c
65746e69
70757272
652d7374
6e657478
00646564
63736972
646e2c76
63007665
65727275
732d746e
64656570
746e6900
75727265
702d7470
6e657261
6e690074
72726574
73747075
67657200
6968732d
72007466
692d6765
69772d6f
00687464
636f6c63
7300736b
76696669
69662c65
642d6f66
68747065
66697300
2c657669
2d78616d
73746962
7265702d
726f772d
6f620064
7261746f
73007367
756f6474
61702d74
00000000
